% time-domain current integration by openEMS v0.0.36 @Mon Aug 17 23:28:04 2026
% start-coordinates: (-0.001,-0.001,0.0005) m -> [27,27,8]
% stop-coordinates: (0,0,0.0005) m -> [28,28,8]
% t/s	current
1.96781721911e-14	0
1.38731113948e-11	1.07350231815e-07
2.77265446173e-11	3.84512155449e-08
4.15799778399e-11	-1.44218006426e-07
5.54334110625e-11	-3.2963890817e-07
6.9286844285e-11	-4.31617138474e-07
8.31402775076e-11	-3.46988144884e-07
9.69937107302e-11	4.95422902702e-09
1.10847143953e-10	6.1091839143e-07
1.24700577175e-10	1.27184023313e-06
1.38554010398e-10	1.61880245741e-06
1.5240744362e-10	1.25155588648e-06
1.66260876843e-10	-8.25804704618e-08
1.80114310066e-10	-2.21157415581e-06
1.93967743288e-10	-4.38630740973e-06
2.07821176511e-10	-5.38286622032e-06
2.21674609733e-10	-3.942991043e-06
2.35528042956e-10	4.74482249047e-07
2.49381476178e-10	7.04908597982e-06
2.63234909401e-10	1.33231687869e-05
2.77088342624e-10	1.56974092533e-05
2.90941775846e-10	1.09331731437e-05
3.04795209069e-10	-1.89312004295e-06
3.18648642291e-10	-1.97692897927e-05
3.32502075514e-10	-3.55895826942e-05
3.46355508736e-10	-4.02149053116e-05
3.60208941959e-10	-2.64937734755e-05
3.74062375182e-10	6.13134670857e-06
3.87915808404e-10	4.86458593514e-05
