% time-domain voltage integration by openEMS v0.0.36 @Mon Aug 17 23:28:04 2026
% start-coordinates: (0,0,0) m -> [28,28,7]
% stop-coordinates: (0,0,0.0015) m -> [28,28,10]
% t/s	voltage
0	-0
1.38534332226e-11	3.17516124326e-06
2.77068664451e-11	-2.53205234912e-06
4.15602996677e-11	-8.57744532823e-06
5.54137328903e-11	-1.49487542558e-05
6.92671661128e-11	-2.04486223083e-05
8.31205993354e-11	-1.91319924383e-05
9.6974032558e-11	-7.76083129495e-06
1.10827465781e-10	1.39484268402e-05
1.24680899003e-10	3.99952059524e-05
1.38534332226e-10	5.95330006945e-05
1.52387765448e-10	5.52060674579e-05
1.66241198671e-10	1.61208186e-05
1.80094631893e-10	-5.61523092983e-05
1.93948065116e-10	-0.000140540417306
2.07801498339e-10	-0.000198440317035
2.21654931561e-10	-0.000185027191151
2.35508364784e-10	-6.85945888108e-05
2.49361798006e-10	0.000141599251947
2.63215231229e-10	0.000380129924451
2.77068664451e-10	0.000537173960765
2.90922097674e-10	0.000495456139561
3.04775530896e-10	0.00018891653599
3.18628964119e-10	-0.000341181264957
3.32482397342e-10	-0.000924241103348
3.46335830564e-10	-0.00129673474294
3.60189263787e-10	-0.00119780101386
3.74042697009e-10	-0.000503428658703
3.87896130232e-10	0.000663879371132
