% time-domain current integration by openEMS v0.0.36 @Mon Aug 17 23:16:04 2026
% start-coordinates: (-0.001,-0.001,0.0005) m -> [27,27,8]
% stop-coordinates: (0,0,0.0005) m -> [28,28,8]
% t/s	current
1.96781721911e-14	0
1.38731113948e-11	1.07349180212e-07
2.77265446173e-11	3.8182193407e-08
4.15799778399e-11	-1.44175146488e-07
5.54334110625e-11	-3.29182881842e-07
6.9286844285e-11	-4.2916366283e-07
8.31402775076e-11	-3.46770576698e-07
9.69937107302e-11	5.18982279374e-09
1.10847143953e-10	6.12149506196e-07
1.24700577175e-10	1.27124837945e-06
1.38554010398e-10	1.62185688168e-06
1.5240744362e-10	1.25023848341e-06
1.66260876843e-10	-8.66000817723e-08
1.80114310066e-10	-2.22010521611e-06
1.93967743288e-10	-4.39956784248e-06
2.07821176511e-10	-5.38764788871e-06
2.21674609733e-10	-3.94034259443e-06
2.35528042956e-10	4.91839159622e-07
2.49381476178e-10	7.08333755028e-06
2.63234909401e-10	1.33642115543e-05
2.77088342624e-10	1.57314807439e-05
2.90941775846e-10	1.09284701466e-05
3.04795209069e-10	-1.95563848138e-06
3.18648642291e-10	-1.98854013433e-05
3.32502075514e-10	-3.57319186151e-05
3.46355508736e-10	-4.03236044804e-05
3.60208941959e-10	-2.64890240942e-05
3.74062375182e-10	6.30266458757e-06
3.87915808404e-10	4.89783051307e-05
