% time-domain voltage integration by openEMS v0.0.36 @Mon Aug 17 23:16:04 2026
% start-coordinates: (0,0,0) m -> [28,28,7]
% stop-coordinates: (0,0,0.0015) m -> [28,28,10]
% t/s	voltage
0	-0
1.38534332226e-11	3.17660427029e-06
2.77068664451e-11	-2.50278799285e-06
4.15602996677e-11	-8.54162294672e-06
5.54137328903e-11	-1.49512827647e-05
6.92671661128e-11	-2.05208377793e-05
8.31205993354e-11	-1.9220364976e-05
9.6974032558e-11	-7.97863253865e-06
1.10827465781e-10	1.35626157771e-05
1.24680899003e-10	3.94847279495e-05
1.38534332226e-10	5.85545290051e-05
1.52387765448e-10	5.42419591625e-05
1.66241198671e-10	1.59420014825e-05
1.80094631893e-10	-5.52177771169e-05
1.93948065116e-10	-0.000137858272865
2.07801498339e-10	-0.000194726245354
2.21654931561e-10	-0.000181126809821
2.35508364784e-10	-6.69403234497e-05
2.49361798006e-10	0.000138874303957
2.63215231229e-10	0.000371345260646
2.77068664451e-10	0.000522985385032
2.90922097674e-10	0.000480075768564
3.04775530896e-10	0.000180662176717
3.18628964119e-10	-0.000333957810653
3.32482397342e-10	-0.0008965969173
3.46335830564e-10	-0.0012520481032
3.60189263787e-10	-0.00115002468647
3.74042697009e-10	-0.000475654793263
3.87896130232e-10	0.000648089961032
